■浜松
16298010509665
16298010509570
16298010509622
16298010509687
16298010509565
16298010509643
16298010509648
16298010509585
16298010509549
16298010509576
16298010509588
16298010509623
16298010509575
16298010509682
16298010509689

■北陸
16299010500943
16299010500992
16299010500989
16299010500982
16299010500991
16299010500953
16299010500969
16299010500942
16299010500966
16299010500939

■神戸
16299010500628
16299010500097
16299010500596
16299010500565
16299010500558
16299010500098
16299010500564
16299010500563
16299010500206
16299010500603
16298010509523
16298010509533
16298010509709
16298010509519
16299010500566
16299010500626

■松山
16298010509693
16298010509694
16298010509663
16298010509676
16298010509599
16298010509571
16298010509587
16298010509591
16298010509668
16298010509624
16298010509626
16298010509597
16298010509656
16298010509650
16298010509593
16298010509640

■東北
16298010509664
16298010509700
16298010509708
16298010509706
16298010509692
16298010509680
16298010509538
16299010500175
16299010500217
16299010500163
16299010500180
16299010500191
16299010500152
16299010500092
16299010500080
16299010500168
16299010500164
16299010500635
16299010500638
16298010509716
16299010500971
16299010500926
16299010500923
16299010500931
16299010500915
16299010500983
16299010500573
16299010500557
16299010500981
16299010500605
16299010500990 → 初期不良（本体コネクタ部不良。ケーブルが固定されない。PC用端末として使う。）→交換完了（交換後のシリアルは同じ）

■九州
16299010500568  （※元東北PC用端末）
16299010500927
16299010500120
16299010500200
16299010500174
16298010509703
16299010500172
16299010500218
16299010500119
16299010500079
16299010500089
16299010500204
16299010500126
16299010500116
16299010500138
16298010509712
16298010509696
16298010509658
16298010509661
16298010509653
16298010509672
16298010509704
16298010509644
16298010509674
16298010509702
16298010509666
16298010509659
16298010509681
16298010509660
16298010509688
16298010509671
16298010509678
16298010509701
16298010509645
16298010509707
16298010509642
16298010509652
16298010509699
16298010509697

■中部
16299010500103
16298010509667
16298010509655
16298010509589
16299010500576
16298010509578
16299010500211
16298010509581
16298010509573
16298010509625
16299010500595
16299010500646
16299010500640
16299010500627
16299010500580
16299010500630
16299010500579
16299010500612
16299010500615
16299010500647
16299010500562
16299010500592
16298010509629
16298010509651
16298010509654
16298010509595
16298010509594
16298010509582
16298010509641
16298010509579
16298010509569
16298010509583
16298010509662
16298010509574
16299010500205
16299010500117
16299010500093
16299010500132
16299010500078
16298010509524
16299010500210
16299010500101
16299010500072
16299010500127
16299010500219
16299010500123
16299010500572
16299010500634
16299010500570
16299010500604
16299010500613
16299010500591
16299010500617
16299010500620
16299010500121
16299010500590
16299010500651

■関西
16298010509592
16298010509527
16298010509675
16299010500192
16299010500151
16298010509612
16299010500178
16298010509705
16299010500179
16298010509563
16298010509546
16299010500137
16299010500100
16298010509609
16298010509568
16298010509619
16299010500183
16298010509534
16298010509685
16298010509683
16298010509677
16298010509691
16298010509686
16298010509657
16298010509690
16298010509684
16298010509679
16298010509673
16298010509670
16298010509698
16299010500202
16299010500186
16299010500085
16299010500165
16299010500134
16298010509610
16299010500199
16299010500145
16299010500071
16298010509551
16298010509605
16299010500190
16299010500155
16298010509522
16298010509535
16299010500153
16299010500157
16299010500185
16298010509526
16299010500161
16298010509532
16298010509638
16299010500124
16299010500935
16298010509695
16298010509602
16299010500560
16299010500567
16299010500618
16099010500736
16299010500128
16299010500606
16299010500108
16299010500964
16299010500914
16299010500987
